395,397
422,424
559,561
1385,1387
1736,1738
2017,2019
2049,2051
2073,2075
2080,2082
2086,2088
2105,2108
2111,2116
2129,2131
2137,2139
2146,2148
2152,2154
2175,2177
2179,2181
2189,2191
2193,2197
2209,2214
2223,2227
2233,2235
2252,2257
2261,2266
2284,2286
2299,2301
2311,2313
2319,2324
2327,2329
2351,2353
2356,2358
2370,2372
2378,2380
2411,2413
2427,2429
2437,2439
2442,2444
2451,2453
2456,2458
2480,2482
2484,2486
2508,2510
2514,2516
2527,2529
2540,2544
2550,2552
2557,2559
2584,2586
2596,2598
2611,2619
2622,2624
2630,2632
2641,2643
2647,2654
2656,2658
2661,2663
2667,2669
2682,2684
2693,2696
2705,2707
2710,2712
2722,2724
2737,2739
2747,2751
2757,2759
2765,2767
2777,2782
2788,2790
2799,2801
2808,2810
2834,2836
2849,2853
2865,2867
2870,2872
2881,2884
2925,2927
2953,2955
2966,2968
2973,2975
2980,2984
2997,2999
3027,3031
3044,3046
3051,3053
3062,3064
3069,3072
3074,3078
3080,3084
3107,3109
3113,3115
3121,3123
3132,3134
3139,3141
3145,3147
3157,3162
3173,3175
3186,3188
3202,3204
3214,3216
3227,3229
3233,3235
3248,3250
3266,3268
3322,3324
3337,3339
3346,3348
3350,3352
3354,3357
3359,3361
3366,3368
3380,3382
3438,3440
3452,3454
3458,3460
3464,3466
3468,3477
3481,3483
3492,3496
3499,3501
3504,3506
3509,3511
3514,3516
3529,3531
3541,3543
3558,3562
3578,3580
3605,3611
3615,3617
3620,3622
3633,3635
3648,3650
3658,3663
3672,3678
3721,3730
3738,3740
3749,3751
3770,3772
3774,3776
3796,3798
3804,3806
3826,3829
3834,3838
3848,3852
3858,3862
3878,3880
3908,3910
3917,3919
3930,3932
3943,3947
3973,3975
3989,3991
3997,3999
5957,5959
6007,6009
6017,6019
6022,6024
6032,6034
6041,6047
6071,6073
6079,6081
6101,6103
6110,6112
6116,6118
6123,6127
6153,6158
6161,6164
6169,6176
6186,6189
6240,6242
6259,6261
6277,6279
6292,6294
6308,6312
6314,6316
6327,6329
6336,6338
6349,6351
6354,6356
6359,6361
6370,6375
6379,6381
6390,6396
6400,6402
6408,6410
6412,6420
6442,6444
6454,6456
6459,6461
6468,6470
6495,6499
6501,6505
6510,6512
6519,6524
6530,6532
6536,6538
6552,6554
6574,6576
6583,6585
6595,6602
6611,6616
6627,6629
6646,6648
6670,6672
6681,6683
6690,6693
6711,6713
6716,6718
6725,6727
6734,6736
6744,6746
6775,6777
6810,6813
6816,6818
6821,6824
6861,6866
6879,6881
6900,6902
6905,6907
6912,6919
6929,6932
6939,6943
6956,6958
6979,6984
6987,6989
6993,6995
7007,7009
7016,7021
7033,7037
7050,7052
7082,7084
7104,7109
7120,7125
7130,7132
7155,7157
7163,7165
7186,7188
7199,7201
7211,7214
7216,7219
7223,7228
7243,7245
7252,7254
7259,7266
7352,7354
7382,7384
7390,7392
7409,7411
7449,7451
7465,7467
7480,7483
7491,7493
7512,7514
7523,7525
7543,7545
7549,7551
7559,7564
7571,7573
7575,7577
7586,7589
7599,7601
7609,7611
7618,7620
7625,7628
7637,7639
7647,7653
7671,7676
7683,7685
7691,7696
7717,7719
7726,7728
7750,7752
7774,7779
7795,7797
7803,7812
7831,7833
7858,7860
7886,7891
7895,7897
7944,7949
7959,7961
7964,7966
7991,7993
8816,8818
