874,975
2438,2973
6510,6639
9354,9969
11139,11462
24140,24213
25045,25128
25942,26002
34989,35620
36427,36613
42424,42434
47368,47471
48676,49192
52006,52090
53297,53483
56036,56193
58570,58781
61824,61875
62517,62974
68018,68282
71917,72016
72659,72752
74322,74614
79746,80041
81016,81075
87276,87697
88190,88379
90757,91015
91407,91544
93404,93575
94794,94876
95769,96172
99046,99227
99736,99973
101702,101807
105620,105773
108007,108396
108605,108733
111017,111104
116591,116665
117771,117849
119242,119621
120329,120453
122037,122092
123160,123266
123787,123973
124197,124689
125524,125667
126195,126295
127113,127147
127892,127942
129237,129268
129543,129582
131227,131589
134965,135323
137599,138118
144878,145092
147528,147676
148897,149021
150352,150415
150634,150673
150948,150979
152756,153076
