1,45
47,52
54,63
65,72
74,603
605,653
655,819
821,1511
1514,1545
1552,1900
1902,2164
2166,2460
2462,2473
2475,2632
2634,2642
2644,2697
2699,2849
2851,3050
3052,3066
3068,3140
3142,3154
3156,3202
3204,3860
3862,4270
4272,4317
4319,4722
4724,5668
5672,6061
6063,6926
6928,7265
7267,7308
7310,7572
7574,7890
7892,7955
7957,8012
8014,8454
8456,8464
8466,8703
8705,8767
8769,8840
8842,8848
8850,8869
8871,9035
9037,9184
9186,10686
10688,10848
10850,10866
10868,11037
11039,11144
11146,11252
11254,11381
11383,12144
12146,12154
12156,12214
12216,12268
12270,12304
12306,12307
12309,13258
13260,14164
14166,15157
15159,15364
15366,15541
15543,15593
15595,15691
15693,15772
15774,15780
15786,16501
16503,16789
16791,16843
16845,17264
17266,17269
17271,17606
17608,17618
17620,17687
17689,18223
18225,18246
18248,18255
18257,18282
18284,18385
18387,18720
18722,18767
18769,18813
18815,18969
18971,18984
18986,19008
19010,19082
19084,19095
19097,19185
19187,19374
19376,20259
20261,20436
20438,20544
20546,20728
20730,20856
20858,21213
21215,21317
21319,21323
21325,21446
21448,21515
21517,23458
23460,23831
23833,24001
24003,24011
24013,24854
24856,25009
25011,25262
25265,25290
25292,26016
26018,26154
26156,26607
26609,27035
27037,28360
28362,29437
29439,35238
35240,36090
36092,36248
36250,36348
36350,39607
39609,40472
40474,41926
41928,46569
46571,47289
47291,47495
47497,47906
47908,50999
51001,51070
51072,51610
51613,52404
52406,52507
52509,52558
52560,52956
52958,53806
53808,53812
53814,54312
54314,54367
54369,54718
54720,56999
57001,57079
57081,57935
57937,59030
59032,60782
60784,61103
61105,61236
61238,61388
61390,61409
61411,61655
61657,61688
61690,61730
61732,62284
62286,62339
62341,62405
62407,62544
62546,62974
62976,63693
63695,64044
64046,64281
64283,64313
64315,64449
64451,64473
64475,64878
64880,65310
65312,66334
66336,66377
66379,67067
67069,67884
67886,67992
67994,68100
68102,68220
68222,68594
68596,68733
68735,68880
68882,68943
68945,68961
68963,69084
69086,69090
69092,69360
69362,69793
69795,69890
69892,70498
70500,71402
71404,71560
71562,71662
71664,71829
71831,72100
72102,72613
72615,72782
72784,74085
74087,74541
74543,75902
75904,77732
77734,77786
77788,78012
78014,78144
78146,78512
78514,79775
79777,79866
79868,80039
80041,80216
80218,80946
80948,83044
83046,84402
84404,87137
87139,87236
87238,93287
93289,96685
96689,97273
97275,97500
97502,99010
99012,99437
99439,99581
99583,99608
99610,99693
99695,99889
99891,103268
103270,103936
103938,103951
103953,103999
104001,104745
104747,107688
107690,107808
107810,109898
109900,110641
110643,111571
111573,112333
112335,113019
113021,113022
113024,113160
113162,113337
113339,113771
113773,113987
113989,114001
114003,114172
114174,114459
114461,116562
116564,116700
116702,117644
117646,117793
117795,117959
117961,117980
117982,117988
117990,118061
118063,118125
118127,118365
118367,118375
118377,118817
118819,118878
118880,118881
118883,118939
118941,119257
119259,119521
119523,119564
119566,119903
119905,121159
121163,122512
122514,122559
122561,122969
122971,123709
123711,123768
123770,123784
123786,124139
124141,124194
124196,124204
124206,124363
124365,124376
124378,124672
124674,125286
125293,125324
125327,126019
126021,126235
126237,126754
126756,126763
126765,126774
126776,126781
126783,126835
126837,126840
126842,126850
126852,126870
126872,126891
126896,126898
126900,126924
126928,126966
126968,127746
127748,128424
128426,129621
129623,131044
131047,131731
131733,132112
132114,132264
132266,135524
135526,136347
136349,140918
140920,141660
141662,143860
143862,144287
144289,146057
146059,146320
146322,147378
147380,147530
147532,147911
147913,148597
148600,150021
150023,151218
151220,151896
151898,152676
152678,152716
152720,152744
152746,152748
152753,152772
152774,152802
152804,152807
152809,152861
152863,152868
152870,152879
152881,152888
152890,153219
