1,23
25,331
333,548
550,681
683,794
796,851
853,1271
1273,2367
2369,2550
2552,2589
2591,2699
2701,3129
3131,4093
4095,5223
5225,5416
5418,5627
5629,6101
6103,6439
6441,6451
6453,6589
6591,6616
6618,7067
7070,7325
7327,7368
7370,8491
8493,8495
8497,8527
8529,8560
8562,8717
8719,8971
8973,9048
9050,9051
9053,9617
9619,11072
11074,11096
11098,11341
11343,11393
11397,11752
11754,11788
11790,11934
11936,12071
12073,12294
12296,13331
13333,13911
13913,14055
14057,14655
14657,14862
14864,14913
14915,15161
15163,15204
15206,15361
15363,15982
15984,16014
16016,16122
16124,16446
16448,16645
16647,16728
16730,16858
16860,16861
16863,17364
17366,17572
17574,17885
17887,18682
18684,19312
19314,19438
19440,19486
19488,20065
20067,21272
21274,21505
21507,21581
21583,21757
21759,22064
22066,22164
22166,22637
22639,22934
22936,23492
23494,24146
24148,24800
24802,25884
25886,26388
26390,27126
27128,27863
27865,29230
29232,29825
29827,32990
32992,35140
35142,35356
35358,35360
35362,35516
35518,35756
35758,37239
37241,38131
38133,38502
38504,38585
38587,40483
40485,42608
42610,43478
43480,43569
43571,45037
45039,45145
45147,45199
45201,45262
45264,47046
47048,47131
47133,47979
47981,48083
48085,50270
50272,50725
50727,51005
51007,51123
51125,51330
51332,51552
51554,51709
51711,51943
51945,51982
51984,52811
52813,52947
52949,52992
52994,53173
53175,53240
53242,53338
53340,53519
53521,53921
53923,53927
53929,53987
53989,54482
54484,55973
55975,56454
56456,57114
57116,58001
58003,58594
58596,58693
58695,59151
59153,59229
59231,59244
59246,60309
60311,60360
60362,61084
61086,63008
63010,64232
64234,64481
64483,65576
65578,67964
67966,68087
68089,68505
68507,69233
69235,69432
69434,70251
70253,71512
71514,71905
71907,72007
72009,72219
72221,72402
72404,72879
72881,73611
73613,73677
73679,73698
73700,73855
73857,75278
75280,75969
75971,76992
76994,77095
77097,77454
77456,78205
78207,78319
78321,80347
80349,80875
80877,80965
80967,81016
81018,81134
81136,81697
81699,81766
81768,81820
81822,82426
82428,82552
82554,84422
84424,84780
84782,85043
85045,85250
85252,86075
86077,86758
86760,86783
86785,87114
87116,87274
87276,87316
87318,87551
87553,88249
88251,89833
89835,90771
90773,90836
90838,90962
90964,91357
91359,91393
91395,91429
91431,91494
91496,92313
92315,93202
93204,93525
93527,94476
94478,94487
94489,94531
94533,94826
94831,94918
94920,95074
95076,95148
95150,95157
95159,95418
95420,97073
97077,97168
97170,97340
97342,97393
97395,97622
97624,98675
98677,98759
98761,99001
99003,99028
99030,99119
99121,99421
99423,99497
99499,99503
99505,99559
99561,99714
99716,99735
99737,99758
99760,99886
99888,100651
100653,101676
101678,101706
101708,102297
102299,102792
102794,103349
103351,103476
103478,103818
103820,104129
104131,104379
104381,105171
105173,105570
105572,105735
105737,106335
106337,106470
106472,108046
108048,108083
108085,108293
108295,108341
108343,108769
108771,109361
109363,109436
109438,109455
109457,109486
109488,109855
109857,112141
112143,114386
114388,114672
114674,115324
115326,115683
115685,115695
115697,115973
115975,116006
116008,116067
116069,116569
116571,117998
118000,118001
118003,118078
118080,118332
118334,118489
118491,118522
118524,118554
118556,118558
118560,119681
119683,119724
119726,119839
119841,119980
119984,120430
120432,120460
120462,120598
120600,120610
120612,120948
120950,121422
121424,121633
121635,121826
121828,122956
122958,123925
123927,124353
124355,124463
124465,124502
124504,124685
124687,125781
125783,126201
126203,126258
126260,126371
126373,126504
126506,126721
126723,127029
127031,127071
127073,127105
127108,127110
127112,127121
127125,127134
127137,127154
127156,127165
127168,127169
127171,127189
127193,127195
127197,127202
127206,127215
127218,127220
127222,127229
127231,127233
127240,127241
127243,129721
129723,129724
129726,129727
129729,129790
129792,130190
130192,131487
131489,131728
131730,131906
131908,132084
132086,132908
132910,132969
132971,133117
133119,133144
133146,133148
133152,133156
133158,133159
133161,133162
133166,133219
133225,133322
133324,133471
133473,133924
133926,134215
134217,134287
134289,134401
134403,134497
134499,134524
134526,134632
134634,134637
134639,134730
134732,134740
134742,134856
134858,134861
134863,135040
135042,135161
135163,135194
135196,135757
135759,136099
136101,136184
136186,136369
136371,136858
136860,137113
137115,137251
137253,137648
137650,137725
137727,137847
137849,138045
138047,138048
138050,138101
138103,138167
138169,138197
138199,138369
138371,138664
138666,138678
138680,138921
138923,138969
138971,139066
139068,139071
139073,139100
139102,139225
139227,139287
139289,139601
139603,140117
140119,140186
140188,140306
140308,140412
140414,140888
140890,140975
140977,141281
141283,141326
141328,141349
141351,141359
141361,141369
141371,141497
141499,141646
141648,142625
142627,142688
142690,143222
143224,143276
143278,143772
143774,144525
144527,144978
144980,144986
144988,145569
145571,145811
145813,145901
145903,146500
146502,146585
146587,146663
146669,146683
146687,146688
146690,146691
146693,146697
146701,146703
146705,146706
146708,146874
146876,147022
147024,147083
147085,147907
147909,148085
148087,148263
148265,148504
148506,149801
149803,150201
150203,150264
150266,150267
150269,150270
150272,152750
152752,152753
152760,152762
152764,152771
152773,152775
152778,152787
152791,152796
152798,152800
152804,152822
152824,152825
152828,152837
152839,152856
152859,152868
152872,152881
152883,152885
152888,152920
152922,152962
152964,153270
153272,153340
